# x_cm Potential_V
0.000000000000000000e+00 2.616107915602867706e+00
2.000000000000000042e-08 2.616018843973403563e+00
4.024489795918368055e-08 2.615926942638119090e+00
6.073769262807165351e-08 2.615832150732512407e+00
8.148141947657866541e-08 2.615734406554941494e+00
1.024791511436388339e-07 2.615633647569323816e+00
1.237339978923364553e-07 2.615529810408411482e+00
1.452491080706099905e-07 2.615422830877651261e+00
1.670276685775970791e-07 2.615312643959639249e+00
1.890729053356901299e-07 2.615199183819182593e+00
2.113880837683720646e-07 2.615082383808974509e+00
2.339765092839031798e-07 2.614962176475891908e+00
2.568415277649306221e-07 2.614838493567921862e+00
2.799865260640930828e-07 2.614711266041725324e+00
3.034149325056942724e-07 2.614580424070838571e+00
3.271302173935191572e-07 2.614445897054519907e+00
3.511358935248683969e-07 2.614307613627243843e+00
3.754355167108872428e-07 2.614165501668843206e+00
4.000326863032655010e-07 2.614019488315295625e+00
4.249310457273871740e-07 2.613869499970160160e+00
4.501342830220082917e-07 2.613715462316653859e+00
4.756461313855431346e-07 2.613557300330367816e+00
5.014703697290396347e-07 2.613394938292613379e+00
5.276108232359259052e-07 2.613228299804393640e+00
5.540713639286108016e-07 2.613057307800985551e+00
5.808559112420224774e-07 2.612881884567126445e+00
6.079684326041697419e-07 2.612701951752787632e+00
6.354129440238126725e-07 2.612517430389518225e+00
6.631935106853288770e-07 2.612328240907346277e+00
6.913142475508636040e-07 2.612134303152212400e+00
7.197793199698539109e-07 2.611935536403919400e+00
7.485929442960155097e-07 2.611731859394566868e+00
7.777593885118851456e-07 2.611523190327451616e+00
8.072829728610104146e-07 2.611309446896401543e+00
8.371680704878800837e-07 2.611090546305513627e+00
8.674191080856909496e-07 2.610866405289265391e+00
8.980405665520465253e-07 2.610636940132956330e+00
9.290369816526840103e-07 2.610402066693458867e+00
9.604129446933291781e-07 2.610161700420218445e+00
9.921731031997781763e-07 2.609915756376479656e+00
1.024322161606306297e-06 2.609664149260685129e+00
1.056864881952506098e-06 2.609406793428000526e+00
1.089806084588659283e-06 2.609143602911926152e+00
1.123150648889745024e-06 2.608874491445934307e+00
1.156903513978191156e-06 2.608599372485090662e+00
1.191069679455475382e-06 2.608318159227599686e+00
1.225654206142685536e-06 2.608030764636221743e+00
1.260662216830147139e-06 2.607737101459502771e+00
1.296098897036230658e-06 2.607437082252760607e+00
1.331969495775450090e-06 2.607130619398766669e+00
1.368279326335965941e-06 2.606817625128059923e+00
1.405033767066610547e-06 2.606498011538832760e+00
1.442238262173548817e-06 2.606171690616328807e+00
1.479898322526694468e-06 2.605838574251678974e+00
1.518019526476001187e-06 2.605498574260118883e+00
1.556607520677748348e-06 2.605151602398521060e+00
1.595668020930945389e-06 2.604797570382173078e+00
1.635206813023977672e-06 2.604436389900736337e+00
1.675229753591618530e-06 2.604067972633322459e+00
1.715742770982536487e-06 2.603692230262619756e+00
1.756751866137424899e-06 2.603309074488003194e+00
1.798263113477883416e-06 2.602918417037564769e+00
1.840282661806184231e-06 2.602520169679005235e+00
1.882816735216056118e-06 2.602114244229313034e+00
1.925871634014620501e-06 2.601700552563184665e+00
1.969453735655616146e-06 2.601279006620113687e+00
2.013569495684052444e-06 2.600849518410100369e+00
2.058225448692428715e-06 2.600412000017920722e+00
2.103428209288662685e-06 2.599966363605903386e+00
2.149184473075871287e-06 2.599512521415165534e+00
2.195501017644147562e-06 2.599050385765256710e+00
2.242384703574484433e-06 2.598579869052167979e+00
2.289842475454988512e-06 2.598100883744661083e+00
2.337881362909539782e-06 2.597613342378886081e+00
2.386508481639044532e-06 2.597117157551241728e+00
2.435731034475441240e-06 2.596612241909457275e+00
2.485556312448610135e-06 2.596098508141862826e+00
2.500000000000000205e-06 2.595949103522816603e+00
2.550000000000000149e-06 2.595430255925772922e+00
2.601027397260274086e-06 2.594898190497590740e+00
2.653103302683430195e-06 2.594352616433690084e+00
2.706249260957747346e-06 2.593793238797612588e+00
2.760487259470577758e-06 2.593219758517870233e+00
2.815839737404904453e-06 2.592631872382243685e+00
2.872329595022813461e-06 2.592029273029023084e+00
2.929980203139720392e-06 2.591411648934699663e+00
2.988815412793276086e-06 2.590778684397566423e+00
3.048859565110945973e-06 2.590130059516696281e+00
3.110137501380348779e-06 2.589465450165748361e+00
3.172674573326520308e-06 2.588784527961029980e+00
3.236496653600352692e-06 2.588086960223263233e+00
3.301630146482551446e-06 2.587372409932473083e+00
3.368101998807535204e-06 2.586640535675440500e+00
3.435939711111799619e-06 2.585890991585154453e+00
3.505171349011357080e-06 2.585123427271706298e+00
3.575825554812960072e-06 2.584337487744094553e+00
3.647931559363911261e-06 2.583532813322410693e+00
3.721519194145361259e-06 2.582709039539908158e+00
3.796618903614101279e-06 2.581865797034480270e+00
3.873261757797952381e-06 2.581002711429102536e+00
3.951479465149965207e-06 2.580119403200830330e+00
4.031304385666745344e-06 2.579215487537979801e+00
4.112769544276335487e-06 2.578290574185165607e+00
4.195908644501191454e-06 2.577344267275916145e+00
4.280756082401900497e-06 2.576376165152632680e+00
4.367346960807418677e-06 2.575385860173717401e+00
4.455717103837708237e-06 2.574372938507747843e+00
4.545903071724783844e-06 2.573336979914638611e+00
4.637942175938306134e-06 2.572277557513789059e+00
4.731872494621969438e-06 2.571194237539274230e+00
4.827732888347077930e-06 2.570086579082215383e+00
4.925563016189825586e-06 2.568954133820503305e+00
5.025403352138931692e-06 2.567796445736144406e+00
5.127295201840416643e-06 2.566613050820529374e+00
5.231280719686451849e-06 2.565403476768015611e+00
5.337402926255351372e-06 2.564167242658247137e+00
5.445705726109912721e-06 2.562903858627712417e+00
5.556233925961486138e-06 2.561612825531081050e+00
5.669033253207269474e-06 2.560293634592912593e+00
5.784150374848514629e-06 2.558945767050376130e+00
5.901632916797456039e-06 2.557568693787655612e+00
6.021529483580964843e-06 2.556161874962741720e+00
6.143889678449066154e-06 2.554724759627354569e+00
6.268764123896649172e-06 2.553256785340736190e+00
6.396204482606854015e-06 2.551757377778082869e+00
6.526263478824802950e-06 2.550225950334380709e+00
6.658994920170517367e-06 2.548661903724403821e+00
6.794453719900048165e-06 2.547064625579626984e+00
6.932695919624020865e-06 2.545433490042778413e+00
7.073778712493006848e-06 2.543767857360733853e+00
7.217760466859300641e-06 2.542067073476410588e+00
7.364700750424901741e-06 2.540330469620285747e+00
7.514660354885686653e-06 2.538557361902098464e+00
7.667701321081967701e-06 2.536747050903249701e+00
7.823886964665843600e-06 2.534898821270339386e+00
7.983281902295963548e-06 2.533011941310215231e+00
8.145952078370537563e-06 2.531085662586829876e+00
8.311964792309657851e-06 2.529119219520127970e+00
8.481388726398211990e-06 2.527111828987092412e+00
8.654293974200914352e-06 2.525062689925011927e+00
8.830752069561205803e-06 2.522970982936923789e+00
9.010836016196024150e-06 2.520835869899123338e+00
9.194620317898681555e-06 2.518656493570523569e+00
9.382181009362352829e-06 2.516431977203589021e+00
9.573595687636920749e-06 2.514161424156466484e+00
9.768943544232199004e-06 2.511843917505873325e+00
9.968305397880804060e-06 2.509478519660224283e+00
1.000000000000000082e-05 2.509102446101311834e+00
1.020000000000000060e-05 2.506729202244637467e+00
1.040307692307692395e-05 2.504319238118180468e+00
1.060927810650887727e-05 2.501872010766406085e+00
1.081865161583978298e-05 2.499386966933919929e+00
1.103124625608347215e-05 2.496863543037767919e+00
1.124711158310014010e-05 2.494301165134874765e+00
1.146629791514783433e-05 2.491699248884253759e+00
1.168885634461164677e-05 2.489057199503677431e+00
1.191483874991336463e-05 2.486374411720530642e+00
1.214429780760433949e-05 2.483650269716622727e+00
1.237728700464440566e-05 2.480884147066769074e+00
1.261386065086970361e-05 2.478075406670995573e+00
1.285407389165231420e-05 2.475223400680261587e+00
1.309798272075465786e-05 2.472327470415621509e+00
1.334564399338165228e-05 2.469386946280790252e+00
1.359711543943367791e-05 2.466401147668103366e+00
1.385245567696342595e-05 2.463369382857886425e+00
1.411172422583978661e-05 2.460290948911281195e+00
1.437498152162193712e-05 2.457165131556589444e+00
1.464228892964689044e-05 2.453991205069222747e+00
1.491370875933376586e-05 2.450768432145353337e+00
1.518930427870813061e-05 2.447496063769385444e+00
1.546913972914979382e-05 2.444173339075362605e+00
1.575328034036748340e-05 2.440799485202452601e+00
1.604179234560390734e-05 2.437373717144638352e+00
1.633474299707473676e-05 2.433895237594761785e+00
1.663220058164511730e-05 2.430363236783054770e+00
1.693423443674734944e-05 2.426776892310309020e+00
1.724091496654346295e-05 2.423135368975807058e+00
1.755231365833643964e-05 2.419437818600163936e+00
1.786850309923392299e-05 2.415683379843195144e+00
1.818955699306829080e-05 2.411871178016939954e+00
1.851555017757703465e-05 2.408000324893947663e+00
1.884655864184745086e-05 2.404069918510939541e+00
1.918265954402971894e-05 2.400079042967933507e+00
1.952393122932248414e-05 2.396026768222925263e+00
1.987045324823513844e-05 2.391912149882202243e+00
2.022230637513106253e-05 2.387734228986353457e+00
2.057957262705615510e-05 2.383492031792036059e+00
2.094233528285701702e-05 2.379184569549547490e+00
2.131067890259327952e-05 2.374810838276237401e+00
2.168468934724855895e-05 2.370369818525793537e+00
2.206445379874468992e-05 2.365860475153417131e+00
2.245006078026383809e-05 2.361281757076902466e+00
2.284160017688327980e-05 2.356632597033623711e+00
2.323916325652763620e-05 2.351911911333425920e+00
2.364284269124344404e-05 2.347118599607408207e+00
2.405273257880103348e-05 2.342251544552580889e+00
2.446892846462874109e-05 2.337309611672377940e+00
2.489152736408456712e-05 2.332291649012989243e+00
2.532062778507048137e-05 2.327196486895481975e+00
2.575632975099464276e-05 2.322022937643672069e+00
2.619873482408686545e-05 2.316769795307703106e+00
2.664794612907281710e-05 2.311435835383278903e+00
2.710406837721239710e-05 2.306019814526511169e+00
2.756720789070797017e-05 2.300520470264313833e+00
2.803747262748809298e-05 2.294936520700299187e+00
2.851497220637252416e-05 2.289266664216104807e+00
2.899981793262440641e-05 2.283509579168101489e+00
2.949212282389554969e-05 2.277663923579401839e+00
2.999200163657086352e-05 2.271728334827118001e+00
3.000000000000000076e-05 2.271633361816054020e+00
