# x_cm Electrons_cm-3 OpticalGeneration_cm-3s-1
0.000000000000000000e+00 1.000000000000000000e+01 0.000000000000000000e+00
9.999999999999999547e-08 9.980014952594240540e+00 0.000000000000000000e+00
2.037500000000000080e-07 9.959280465908726399e+00 0.000000000000000000e+00
3.113906250000000282e-07 9.937768435968031611e+00 0.000000000000000000e+00
4.230677734375000453e-07 9.915449704897200789e+00 0.000000000000000000e+00
5.389328149414063533e-07 9.892294021400449111e+00 0.000000000000000000e+00
6.591427955017091413e-07 9.868269999757812272e+00 0.000000000000000000e+00
7.838606503330232931e-07 9.843345077284144651e+00 0.000000000000000000e+00
9.132554247205117256e-07 9.817485470192842456e+00 0.000000000000000000e+00
1.047502503147530908e-06 9.790656127804425068e+00 0.000000000000000000e+00
1.186783847015563352e-06 9.762820685037931767e+00 0.000000000000000000e+00
1.331288241278647029e-06 9.733941413120728470e+00 0.000000000000000000e+00
1.481211550326596500e-06 9.703979168449922810e+00 0.000000000000000000e+00
1.636756983463843991e-06 9.672893339536045687e+00 0.000000000000000000e+00
1.798135370343738218e-06 9.640641791957115458e+00 0.000000000000000000e+00
1.965565446731628614e-06 9.607180811248449359e+00 0.000000000000000000e+00
2.139274150984064704e-06 9.572465043650804972e+00 0.000000000000000000e+00
2.319496931645967200e-06 9.536447434636569298e+00 0.000000000000000000e+00
2.506478066582691230e-06 9.499079165130613234e+00 0.000000000000000000e+00
2.700470994079542581e-06 9.460309585339423677e+00 0.000000000000000000e+00
2.901738656357525550e-06 9.420086146098750390e+00 0.000000000000000000e+00
3.110553855970933034e-06 9.378354327646766464e+00 0.000000000000000000e+00
3.327199625569843431e-06 9.335057565726152973e+00 0.000000000000000000e+00
3.551969611528712910e-06 9.290137174914953277e+00 0.000000000000000000e+00
3.785168471961040053e-06 9.243532269082265884e+00 0.000000000000000000e+00
4.027112289659579426e-06 9.195179678860945671e+00 0.000000000000000000e+00
4.278129000521813714e-06 9.145013866025442084e+00 0.000000000000000000e+00
4.538558838041381819e-06 9.092966834658719577e+00 0.000000000000000000e+00
4.808754794467933759e-06 9.038968038987807319e+00 0.000000000000000000e+00
5.089083099260482012e-06 8.982944287763082514e+00 0.000000000000000000e+00
5.379923715482750856e-06 8.924819645051618622e+00 0.000000000000000000e+00
5.681670854813354601e-06 8.864515327310147796e+00 0.000000000000000000e+00
5.994733511868855564e-06 8.801949596598063863e+00 0.000000000000000000e+00
6.319536018563937823e-06 8.737037649785747817e+00 0.000000000000000000e+00
6.656518619260086143e-06 8.669691503607968031e+00 0.000000000000000000e+00
7.006138067482340216e-06 8.599819875406543801e+00 0.000000000000000000e+00
7.368868245012928880e-06 8.527328059400593574e+00 0.000000000000000000e+00
7.745200804200913603e-06 8.452117798316612252e+00 0.000000000000000000e+00
8.135645834358447943e-06 8.374087150204330143e+00 0.000000000000000000e+00
8.540732553146890816e-06 8.293130350257795769e+00 0.000000000000000000e+00
8.961010023889900319e-06 8.209137667454312393e+00 0.000000000000000000e+00
9.397047899785773185e-06 8.121995255816868209e+00 0.000000000000000000e+00
9.849437196027741094e-06 8.031585000098369065e+00 0.000000000000000000e+00
1.031879109087878214e-05 7.937784355678434878e+00 0.000000000000000000e+00
1.080574575678673702e-05 7.840466182455661404e+00 0.000000000000000000e+00
1.131096122266624133e-05 7.739498572510090213e+00 0.000000000000000000e+00
1.183512226851622707e-05 7.634744671302189367e+00 0.000000000000000000e+00
1.237893935358558702e-05 7.526062492165865869e+00 0.000000000000000000e+00
1.294314957934504752e-05 7.413304723843914701e+00 0.000000000000000000e+00
1.352851768857048849e-05 7.296318530804886571e+00 0.000000000000000000e+00
1.413583710189188255e-05 7.174945346070525254e+00 0.000000000000000000e+00
1.476593099321282850e-05 7.049020656272780627e+00 0.000000000000000000e+00
1.541965340545830941e-05 6.918373778648823524e+00 0.000000000000000000e+00
1.609789040816299836e-05 6.782827629671547065e+00 0.000000000000000000e+00
1.680156129846911332e-05 6.642198485001671315e+00 0.000000000000000000e+00
1.753161984716170504e-05 6.496295730435772242e+00 0.000000000000000000e+00
1.828905559143027018e-05 6.344921603512303498e+00 0.000000000000000000e+00
1.907489517610890596e-05 6.187870925425001722e+00 0.000000000000000000e+00
1.989020374521299330e-05 6.024930822879845493e+00 0.000000000000000000e+00
2.073608638565848302e-05 5.855880439518094782e+00 0.000000000000000000e+00
2.161368962512067869e-05 5.680490636513702896e+00 0.000000000000000000e+00
2.252420298606270488e-05 5.498523681938682905e+00 0.000000000000000000e+00
2.346886059804005904e-05 5.309732928474694802e+00 0.000000000000000000e+00
2.444894287046656491e-05 5.113862479033252306e+00 0.000000000000000000e+00
2.500000000000000120e-05 5.003733125430390061e+00 0.000000000000000000e+00
2.600000000000000179e-05 4.803882024118240501e+00 0.000000000000000000e+00
2.696385542168674832e-05 4.611254409095911555e+00 0.000000000000000000e+00
2.789287269560168642e-05 4.425589192233010394e+00 0.000000000000000000e+00
2.878831103190524109e-05 4.246634722367357284e+00 0.000000000000000000e+00
2.965138412713758028e-05 4.074148444188467444e+00 0.000000000000000000e+00
3.048326180928923366e-05 3.907896569453928048e+00 0.000000000000000000e+00
3.128507162341130626e-05 3.747653760092469977e+00 0.000000000000000000e+00
3.205790035991451465e-05 3.593202822763698290e+00 0.000000000000000000e+00
3.280279552762844760e-05 3.444334414460065386e+00 0.000000000000000000e+00
3.352076677361778243e-05 3.300846758751647680e+00 0.000000000000000000e+00
3.421278725167979060e-05 3.162545372288808387e+00 0.000000000000000000e+00
3.487979494137811418e-05 3.029242801191728951e+00 0.000000000000000000e+00
3.552269391940059498e-05 2.900758366969266699e+00 0.000000000000000000e+00
3.614235558496442790e-05 2.776917921622512164e+00 0.000000000000000000e+00
3.673961984092956838e-05 2.657553611600923293e+00 0.000000000000000000e+00
3.731529623222127283e-05 2.542503650290929063e+00 0.000000000000000000e+00
3.787016504310484224e-05 2.431612098728475502e+00 0.000000000000000000e+00
3.840497835479985062e-05 2.324728654238157777e+00 0.000000000000000000e+00
3.892046106486732923e-05 2.221708446712359120e+00 0.000000000000000000e+00
3.941731186975164106e-05 2.122411842254153580e+00 0.000000000000000000e+00
3.989620421180881170e-05 2.026704253917759324e+00 0.000000000000000000e+00
4.035778719210487644e-05 1.934455959289943738e+00 0.000000000000000000e+00
4.080268645022156902e-05 1.845541924665056177e+00 0.000000000000000000e+00
4.123150501226175081e-05 1.759841635575339680e+00 0.000000000000000000e+00
4.164482410820409894e-05 1.677238933446750790e+00 0.000000000000000000e+00
4.204320395971479642e-05 1.597621858158879471e+00 0.000000000000000000e+00
4.242718453948414291e-05 1.520882496295515196e+00 0.000000000000000000e+00
4.279728630311724477e-05 1.446916834880167313e+00 0.000000000000000000e+00
4.315401089457083627e-05 1.375624620398261833e+00 0.000000000000000000e+00
4.349784182609236935e-05 1.306909222914915958e+00 0.000000000000000000e+00
4.382924513358300487e-05 1.240677505104097911e+00 0.000000000000000000e+00
4.414867000827277861e-05 1.176839696011643177e+00 0.000000000000000000e+00
4.445654940556412297e-05 1.115309269381016488e+00 0.000000000000000000e+00
4.475330063186903212e-05 1.056002826376882586e+00 0.000000000000000000e+00
4.503932591023521452e-05 9.988399825475406946e-01 0.000000000000000000e+00
4.531501292552791922e-05 9.437432588729974814e-01 0.000000000000000000e+00
4.558073534990642847e-05 8.906379767509980949e-01 0.000000000000000000e+00
4.583685334930740174e-05 8.394521567786922267e-01 0.000000000000000000e+00
4.608371407162159479e-05 7.901164211927690362e-01 0.000000000000000000e+00
4.632165211722563572e-05 7.425638998359634924e-01 0.000000000000000000e+00
4.655098999250663967e-05 6.967301395230831584e-01 0.000000000000000000e+00
4.677203854699435090e-05 6.525530166862087977e-01 0.000000000000000000e+00
4.698509739469334878e-05 6.099726531904449134e-01 0.000000000000000000e+00
4.719045532018636041e-05 5.689313352424186787e-01 0.000000000000000000e+00
4.738839067005914279e-05 5.293734354090269267e-01 0.000000000000000000e+00
4.757917173017748880e-05 4.912453380642625711e-01 0.000000000000000000e+00
4.776305708932770077e-05 4.544953694960122137e-01 0.000000000000000000e+00
4.794029598971344364e-05 4.190737365499500600e-01 0.000000000000000000e+00
4.811112866478404148e-05 3.849324849288875416e-01 0.000000000000000000e+00
4.827578666485208913e-05 3.520255069669276926e-01 0.000000000000000000e+00
4.843449317094177165e-05 3.203086741407549787e-01 0.000000000000000000e+00
4.858746329729327117e-05 2.897402730831323270e-01 0.000000000000000000e+00
4.873490438293327266e-05 2.602821434604470907e-01 0.000000000000000000e+00
4.887701627270676718e-05 2.319023455028276781e-01 0.000000000000000000e+00
4.901399158815110039e-05 2.045809441313961308e-01 0.000000000000000000e+00
4.914601598857937058e-05 1.783216628253574965e-01 0.000000000000000000e+00
4.927326842272710717e-05 1.531735690690458895e-01 0.000000000000000000e+00
4.939592137130323834e-05 1.292678118726332537e-01 0.000000000000000000e+00
4.951414108077420667e-05 1.068729609771131017e-01 0.000000000000000000e+00
4.962808778869802994e-05 8.646693888278850215e-02 0.000000000000000000e+00
4.973791594091376059e-05 6.881914371940478503e-02 0.000000000000000000e+00
4.984377440088073202e-05 5.511118528377025733e-02 0.000000000000000000e+00
4.994580665145130689e-05 4.735651920141460691e-02 0.000000000000000000e+00
5.000000000000000240e-05 4.738958509602349961e-02 3.328773484858556416e+18
5.010000000000000483e-05 6.380366857786949619e-02 3.328486224102293504e+18
5.020860869565218208e-05 8.066013787734251095e-02 3.328174262024199680e+18
5.032656718336484875e-05 9.782376385755077453e-02 3.327835477202720256e+18
5.045468035828060680e-05 1.151739542599571897e-01 3.327467566493819904e+18
5.059382240651519780e-05 1.325900273478846925e-01 3.327068029549191168e+18
5.074494277020650753e-05 1.499467094294211766e-01 3.326634152030728704e+18
5.090907262607645466e-05 1.671135250535606687e-01 3.326162987414242816e+18
5.108733192171260255e-05 1.839561349144439861e-01 3.325651337267072512e+18
5.128093701758177492e-05 2.003389260210295952e-01 3.325095729875459584e+18
5.149120898692142220e-05 2.161285563033452928e-01 3.324492397088104960e+18
5.171958263014335373e-05 2.311982819923538990e-01 3.323837249232382976e+18
5.196761626526004028e-05 2.454329270576733613e-01 3.323125847949093888e+18
5.223700236113894833e-05 2.587343560664241982e-01 3.322353376780471808e+18
5.252957908614134174e-05 2.710273208994360417e-01 3.321514609334431232e+18
5.284734285094829225e-05 2.822655993205934188e-01 3.320603874835670016e+18
5.319246193116035717e-05 2.924384690482562110e-01 3.319615020861416960e+18
5.356729126262546549e-05 3.015778239437507668e-01 3.318541373046179840e+18
5.397438851045147990e-05 3.097667361409541242e-01 3.317375691526079488e+18
5.441653152135121304e-05 3.171511689626570485e-01 3.316110123879139328e+18
5.489673727840666543e-05 3.239581639945555147e-01 3.314736154303486464e+18
5.541828248759123813e-05 3.305267691780933159e-01 3.313244548760926720e+18
5.598472593652300259e-05 3.373634631698956832e-01 3.311625295798891520e+18
5.659993277801498240e-05 3.452443885392384448e-01 3.309867542749717504e+18
5.726810090412235950e-05 3.554076951075757496e-01 3.307959526992717824e+18
5.799378959065114812e-05 3.699224039654558371e-01 3.305888501952093184e+18
5.878195060758546482e-05 3.924115876057893693e-01 3.303640657492702208e+18
5.963796200771673099e-05 4.295074456987150735e-01 3.301201034366728192e+18
6.056766482403321195e-05 4.938660752249079411e-01 3.298553432357960704e+18
6.157740292627606751e-05 6.106149924760301273e-01 3.295680311767556096e+18
6.267406630862504377e-05 8.316032783177448318e-01 3.292562687886738944e+18
6.386513810388928564e-05 1.267941256431926345e+00 3.289180018109080064e+18
6.515874564500670550e-05 2.166581888501501130e+00 3.285510081349134336e+18
6.656371592227249402e-05 4.094936458164802673e+00 3.281528849456922624e+18
6.808963581471160842e-05 8.390566400421610282e+00 3.277210350350924288e+18
6.974691750658678485e-05 1.823463057238167195e+01 3.272526522638171648e+18
7.154686953541468223e-05 4.097926702587160719e+01 3.267447061551274496e+18
7.350177395628950555e-05 9.172339821520343150e+01 3.261939256111848960e+18
7.562497014904834205e-05 1.922051140754642802e+02 3.255967817531416576e+18
7.793094584014032098e-05 3.510449552920675274e+02 3.249494698988453888e+18
8.043543596029153336e-05 5.524277329609438993e+02 3.242478907078661632e+18
8.315553001252532254e-05 7.819629584723317066e+02 3.234876305430012416e+18
8.610978868316880672e-05 1.035471585769476405e+03 3.226639411210973696e+18
8.931837049154594491e-05 1.313558058882881596e+03 3.217717185546298880e+18
9.280316934255728270e-05 1.618364436195731059e+03 3.208054819197861888e+18
9.658796392074263826e-05 1.952611820474465958e+03 3.197593515276812288e+18
1.006985799452239552e-04 2.319406817053860777e+03 3.186270271237457408e+18
1.051630663926823633e-04 2.722242141053092837e+03 3.174017662973267456e+18
1.100118868908350110e-04 3.165043691785264855e+03 3.160763634502528000e+18
1.152781275883938463e-04 3.652234299190687580e+03 3.146431297507465216e+18
1.209977229199164415e-04 4.188811020007854495e+03 3.130938745888553984e+18
1.272097008060657476e-04 4.780438353723206092e+03 3.114198891527817216e+18
1.339564489624140017e-04 5.433561359854619695e+03 3.096119328633381376e+18
1.412840041339609258e-04 6.155543799703249533e+03 3.076602235373474304e+18
1.492423662289714707e-04 6.954831436423825835e+03 3.055544323010591744e+18
1.578858394956394507e-04 7.840433958144202734e+03 3.032836844421463552e+18
1.672734030696118764e-04 8.710633179639189621e+03 3.008365675736702976e+18
1.749999999999999982e-04 9.611006687211147437e+03 2.988372465487447552e+18
1.849999999999999973e-04 1.066190574268538148e+04 2.962693774036150272e+18
1.949999999999999965e-04 1.173872276139755922e+04 2.937235736202253312e+18
2.049999999999999956e-04 1.284243027508632258e+04 2.911996455938252288e+18
2.149999999999999947e-04 1.397405021233993466e+04 2.886974053489126912e+18
2.249999999999999938e-04 1.513465708434048975e+04 2.862166665252347904e+18
2.349999999999999930e-04 1.632538142109027649e+04 2.837572443639074304e+18
2.449999999999999921e-04 1.754741348148596080e+04 2.813189556936553472e+18
2.550000000000000183e-04 1.880200726101264445e+04 2.789016189171701248e+18
2.650000000000000445e-04 2.009048458676475639e+04 2.765050539975849472e+18
2.750000000000000708e-04 2.141421395650219711e+04 2.741290824450662400e+18
2.850000000000000970e-04 2.277203520015393588e+04 2.717735273035200512e+18
2.950000000000001232e-04 2.391852446267789855e+04 2.694382131374127104e+18
3.000000000000000279e-04 2.488784717188016293e+04 2.682780920091048960e+18
3.100000000000000542e-04 2.634723857511593451e+04 2.659728136586296320e+18
3.200000000000000804e-04 2.784923340702739733e+04 2.636873442617419264e+18
3.300000000000001066e-04 2.939573063211232147e+04 2.614215136027096576e+18
3.400000000000001328e-04 3.098874420855797871e+04 2.591751529284420096e+18
3.500000000000001591e-04 3.263041196277861673e+04 2.569480949359214080e+18
3.600000000000001853e-04 3.432300530194827297e+04 2.547401737597429760e+18
3.700000000000002115e-04 3.606893985787453130e+04 2.525512249597615616e+18
3.800000000000002378e-04 3.787078711157785438e+04 2.503810855088443392e+18
3.900000000000002640e-04 3.973128418555622193e+04 2.482295937807294464e+18
4.000000000000002902e-04 4.165320078939458472e+04 2.460965895379880448e+18
4.100000000000003164e-04 4.363269040763138037e+04 2.439819139200905216e+18
4.200000000000003427e-04 4.537609967433384736e+04 2.418854094315748352e+18
4.250000000000000305e-04 4.674708085671690787e+04 2.408439225138754048e+18
4.350000000000000568e-04 4.883889442675767350e+04 2.387743823726851072e+18
4.442073658927142500e-04 5.086340582622779766e+04 2.368846094238038016e+18
4.526849245609458876e-04 5.339501074042114487e+04 2.351578543717275648e+18
4.604905230144817983e-04 6.476704336431057891e+04 2.335791000310045184e+18
4.676774231118127319e-04 1.782803718378033082e+05 2.321348570374386176e+18
4.742946649948635873e-04 1.219094023267110577e+06 2.308129871912921088e+18
4.803874017166478278e-04 9.078936316295571625e+06 2.296025502136767232e+18
4.859972073451921792e-04 5.839347231404732913e+07 2.284936704079022080e+18
4.911623606460936752e-04 3.197848026222807765e+08 2.274774202984884480e+18
4.959181062794297329e-04 1.508837671244666576e+09 2.265457187971748608e+18
5.002968952933099832e-04 6.217321702471106529e+09 2.256912418376468736e+18
5.043286065550892094e-04 2.265673126857428360e+10 2.249073437448058880e+18
5.080407506311870576e-04 7.385041392992701721e+10 2.241879878729749504e+18
5.114586575066974250e-04 2.175242428405073547e+11 2.235276852706731776e+18
5.146056494257022444e-04 5.843315029928664551e+11 2.229214403157182208e+18
5.175032000316714519e-04 1.443497650950966064e+12 2.223647024200558848e+18
5.201710808938528590e-04 3.304017626423791992e+12 2.218533230342422528e+18
5.226274964194801845e-04 7.055056963898145508e+12 2.213835172912717824e+18
5.248892080723797015e-04 1.414131077478708984e+13 2.209518297220135680e+18
5.269716487455857823e-04 2.675968210717332812e+13 2.205551035527950592e+18
5.288890280683936898e-04 4.805621476002714062e+13 2.201904531620335872e+18
5.306544293664153386e-04 8.230051906675387500e+13 2.198552393292328704e+18
5.322798989362511517e-04 1.350212646442240156e+14 2.195470469577346304e+18
5.337765282439462184e-04 2.131001416155453438e+14 2.192636649936956160e+18
5.351545296081170518e-04 3.248395140199944375e+14 2.190030682989435136e+18
5.364233058841750418e-04 4.800357523281340625e+14 2.187634012655762176e+18
5.375915146251411363e-04 6.901015847052491250e+14 2.185429629861758720e+18
5.386671271568553012e-04 9.682850055407952500e+14 2.183401938159470848e+18
5.396574829706834390e-04 1.330030773736432250e+15 2.181536631824974336e+18
5.405693398048726835e-04 1.793527114133765750e+15 2.179820585158056192e+18
5.414089197562879001e-04 2.380479467381447500e+15 2.178241751855455232e+18
5.421819517371746170e-04 3.117159022476127500e+15 2.176789073456717056e+18
5.428937105666539319e-04 4.035789281678077500e+15 2.175452395972929536e+18
5.435490529636926183e-04 5.176361416239072000e+15 2.174222393905911296e+18
5.441524506871468943e-04 6.589011493649637000e+15 2.173090500950755584e+18
5.447080210490143955e-04 8.337154450131788000e+15 2.172048846749650944e+18
5.452195550091005257e-04 1.050165909595164400e+16 2.171090199130948608e+18
5.456905430428067279e-04 1.318647933362897600e+16 2.170207911325770496e+18
5.461241989585490083e-04 1.652635215737617600e+16 2.169395873706024960e+18
5.465234818273269910e-04 2.069747097281938800e+16 2.168648469633408000e+18
5.468911161740801002e-04 2.593250704409995200e+16 2.167960535049569792e+18
5.472296105686085725e-04 3.254209111279394400e+16 2.167327321473732352e+18
5.475412747429142047e-04 4.094607129172474400e+16 2.166744462106251776e+18
5.478282353517624796e-04 5.171987300322432800e+16 2.166207940765359616e+18
5.480924504840087351e-04 6.566473233447642400e+16 2.165714063410039808e+18
5.483357230237070412e-04 8.391666097575449600e+16 2.165259432025039360e+18
5.485597129521722383e-04 1.081201205528258560e+17 2.164840920664694016e+18
5.487659486749384054e-04 1.407134851012424640e+17 2.164455653470843648e+18
5.489558374509040384e-04 1.854151892110917440e+17 2.164100984496831488e+18
5.491306749948276058e-04 2.480865967009627200e+17 2.163774479184691456e+18
5.492916543186963756e-04 3.383401350064395520e+17 2.163473897356214784e+18
5.494398738722985074e-04 4.727170857021111680e+17 2.163197177590924800e+18
5.495763450385454489e-04 6.814329506167822080e+17 2.162942422875096832e+18
5.497019990346895977e-04 1.024037526272464768e+18 2.162707887416068864e+18
5.498176932665277059e-04 1.630231580261349888e+18 2.162491964525237760e+18
5.499242171789486822e-04 2.824206392467364352e+18 2.162293175481425152e+18
5.500000000000000331e-04 4.720413209456457728e+18 2.162151764889583104e+18
5.500999999999999814e-04 6.943173789279123456e+18 0.000000000000000000e+00
5.502037500000000157e-04 8.455450036309711872e+18 0.000000000000000000e+00
5.503113906250000622e-04 9.287707069558386688e+18 0.000000000000000000e+00
5.504230677734375495e-04 9.691120079847219200e+18 0.000000000000000000e+00
5.505389328149414398e-04 9.872023964981426176e+18 0.000000000000000000e+00
5.506591427955017694e-04 9.948962657548281856e+18 0.000000000000000000e+00
5.507838606503331208e-04 9.980351656798920704e+18 0.000000000000000000e+00
5.509132554247206425e-04 9.992692689242906624e+18 0.000000000000000000e+00
5.510475025031476379e-04 9.997375379099557888e+18 0.000000000000000000e+00
5.511867838470156742e-04 9.999090200398092288e+18 0.000000000000000000e+00
5.513312882412787835e-04 9.999695907816433664e+18 0.000000000000000000e+00
5.514812115503267770e-04 9.999902091674892288e+18 0.000000000000000000e+00
5.516367569834640730e-04 9.999969664762214400e+18 0.000000000000000000e+00
5.517981353703439945e-04 9.999990964762935296e+18 0.000000000000000000e+00
5.519655654467319362e-04 9.999997415699316736e+18 0.000000000000000000e+00
5.521392741509843511e-04 9.999999290907777024e+18 0.000000000000000000e+00
5.523194969316462316e-04 9.999999813549955072e+18 0.000000000000000000e+00
5.525064780665829827e-04 9.999999953068300288e+18 0.000000000000000000e+00
5.527004709940798281e-04 9.999999988703109120e+18 0.000000000000000000e+00
5.529017386563578242e-04 9.999999997402312704e+18 0.000000000000000000e+00
5.531105538559712804e-04 9.999999999429967872e+18 0.000000000000000000e+00
5.533271996255701396e-04 9.999999999880753152e+18 0.000000000000000000e+00
5.535519696115289790e-04 9.999999999976243200e+18 0.000000000000000000e+00
5.537851684719613142e-04 9.999999999995496448e+18 0.000000000000000000e+00
5.540271122896598972e-04 9.999999999999188992e+18 0.000000000000000000e+00
5.542781290005221323e-04 9.999999999999860736e+18 0.000000000000000000e+00
5.545385588380417419e-04 9.999999999999977472e+18 0.000000000000000000e+00
5.548087547944683057e-04 9.999999999999995904e+18 0.000000000000000000e+00
5.550890830992608006e-04 1.000000000000000000e+19 0.000000000000000000e+00
5.553799237154830601e-04 1.000000000000000000e+19 0.000000000000000000e+00
5.556816708548136842e-04 1.000000000000000000e+19 0.000000000000000000e+00
5.559947335118691674e-04 1.000000000000000000e+19 0.000000000000000000e+00
5.563195360185642759e-04 1.000000000000000000e+19 0.000000000000000000e+00
5.566565186192603751e-04 1.000000000000000000e+19 0.000000000000000000e+00
5.570061380674826580e-04 1.000000000000000000e+19 0.000000000000000000e+00
5.573688682450132466e-04 1.000000000000000000e+19 0.000000000000000000e+00
5.577452008042011822e-04 1.000000000000000000e+19 0.000000000000000000e+00
5.581356458343587250e-04 1.000000000000000000e+19 0.000000000000000000e+00
5.585407325531472136e-04 1.000000000000000000e+19 0.000000000000000000e+00
5.589610100238902096e-04 1.000000000000000000e+19 0.000000000000000000e+00
5.593970478997861316e-04 1.000000000000000000e+19 0.000000000000000000e+00
5.598494371960281452e-04 1.000000000000000000e+19 0.000000000000000000e+00
5.603187910908791897e-04 1.000000000000000000e+19 0.000000000000000000e+00
5.608057457567871022e-04 1.000000000000000000e+19 0.000000000000000000e+00
5.613109612226666522e-04 1.000000000000000000e+19 0.000000000000000000e+00
5.618351222685166041e-04 1.000000000000000000e+19 0.000000000000000000e+00
5.623789393535860064e-04 1.000000000000000000e+19 0.000000000000000000e+00
5.629431495793454313e-04 1.000000000000000000e+19 0.000000000000000000e+00
5.635285176885708198e-04 1.000000000000000000e+19 0.000000000000000000e+00
5.641358371018922579e-04 1.000000000000000000e+19 0.000000000000000000e+00
5.647659309932132445e-04 1.000000000000000000e+19 0.000000000000000000e+00
5.654196534054587017e-04 1.000000000000000000e+19 0.000000000000000000e+00
5.660978904081634313e-04 1.000000000000000000e+19 0.000000000000000000e+00
5.668015612984695327e-04 1.000000000000000000e+19 0.000000000000000000e+00
5.675316198471621210e-04 1.000000000000000000e+19 0.000000000000000000e+00
5.682890555914306896e-04 1.000000000000000000e+19 0.000000000000000000e+00
5.690748951761093796e-04 1.000000000000000000e+19 0.000000000000000000e+00
5.698902037452134974e-04 1.000000000000000000e+19 0.000000000000000000e+00
5.707360863856590074e-04 1.000000000000000000e+19 0.000000000000000000e+00
5.716136896251212268e-04 1.000000000000000000e+19 0.000000000000000000e+00
5.725242029860632157e-04 1.000000000000000000e+19 0.000000000000000000e+00
5.734688605980405767e-04 1.000000000000000000e+19 0.000000000000000000e+00
5.744489428704671130e-04 1.000000000000000000e+19 0.000000000000000000e+00
5.749999999999999903e-04 1.000000000000000000e+19 0.000000000000000000e+00
5.760000000000000146e-04 1.000000000000000000e+19 0.000000000000000000e+00
5.769638554216867171e-04 1.000000000000000000e+19 0.000000000000000000e+00
5.778928726956016450e-04 1.000000000000000000e+19 0.000000000000000000e+00
5.787883110319052031e-04 1.000000000000000000e+19 0.000000000000000000e+00
5.796513841271375795e-04 1.000000000000000000e+19 0.000000000000000000e+00
5.804832618092892194e-04 1.000000000000000000e+19 0.000000000000000000e+00
5.812850716234112649e-04 1.000000000000000000e+19 0.000000000000000000e+00
5.820579003599144190e-04 1.000000000000000000e+19 0.000000000000000000e+00
5.828027955276283588e-04 1.000000000000000000e+19 0.000000000000000000e+00
5.835207667736177139e-04 1.000000000000000000e+19 0.000000000000000000e+00
5.842127872516797221e-04 1.000000000000000000e+19 0.000000000000000000e+00
5.848797949413780863e-04 1.000000000000000000e+19 0.000000000000000000e+00
5.855226939194005603e-04 1.000000000000000000e+19 0.000000000000000000e+00
5.861423555849643594e-04 1.000000000000000000e+19 0.000000000000000000e+00
5.867396198409295270e-04 1.000000000000000000e+19 0.000000000000000000e+00
5.873152962322211908e-04 1.000000000000000000e+19 0.000000000000000000e+00
5.878701650431047195e-04 1.000000000000000000e+19 0.000000000000000000e+00
5.884049783547996805e-04 1.000000000000000000e+19 0.000000000000000000e+00
5.889204610648671049e-04 1.000000000000000000e+19 0.000000000000000000e+00
5.894173118697514438e-04 1.000000000000000000e+19 0.000000000000000000e+00
5.898962042118086144e-04 1.000000000000000000e+19 0.000000000000000000e+00
5.903577871921046995e-04 1.000000000000000000e+19 0.000000000000000000e+00
5.908026864502213989e-04 1.000000000000000000e+19 0.000000000000000000e+00
5.912315050122616145e-04 1.000000000000000000e+19 0.000000000000000000e+00
5.916448241082039898e-04 1.000000000000000000e+19 0.000000000000000000e+00
5.920432039597146737e-04 1.000000000000000000e+19 0.000000000000000000e+00
5.924271845394840337e-04 1.000000000000000000e+19 0.000000000000000000e+00
5.927972863031171153e-04 1.000000000000000000e+19 0.000000000000000000e+00
5.931540108945707610e-04 1.000000000000000000e+19 0.000000000000000000e+00
5.934978418260922466e-04 1.000000000000000000e+19 0.000000000000000000e+00
5.938292451335828483e-04 1.000000000000000000e+19 0.000000000000000000e+00
5.941486700082725678e-04 1.000000000000000000e+19 0.000000000000000000e+00
5.944565494055639460e-04 1.000000000000000000e+19 0.000000000000000000e+00
5.947533006318688484e-04 1.000000000000000000e+19 0.000000000000000000e+00
5.950393259102350037e-04 1.000000000000000000e+19 0.000000000000000000e+00
5.953150129255277423e-04 1.000000000000000000e+19 0.000000000000000000e+00
5.955807353499062515e-04 1.000000000000000000e+19 0.000000000000000000e+00
5.958368533493072113e-04 1.000000000000000000e+19 0.000000000000000000e+00
5.960837140716213501e-04 1.000000000000000000e+19 0.000000000000000000e+00
5.963216521172253707e-04 1.000000000000000000e+19 0.000000000000000000e+00
5.965509899925063204e-04 1.000000000000000000e+19 0.000000000000000000e+00
5.967720385469940181e-04 1.000000000000000000e+19 0.000000000000000000e+00
5.969850973946929686e-04 1.000000000000000000e+19 0.000000000000000000e+00
5.971904553201860073e-04 1.000000000000000000e+19 0.000000000000000000e+00
5.973883906700588236e-04 1.000000000000000000e+19 0.000000000000000000e+00
5.975791717301771628e-04 1.000000000000000000e+19 0.000000000000000000e+00
5.977630570893273680e-04 1.000000000000000000e+19 0.000000000000000000e+00
5.979402959897131380e-04 1.000000000000000000e+19 0.000000000000000000e+00
5.981111286647837087e-04 1.000000000000000000e+19 0.000000000000000000e+00
5.982757866648517496e-04 1.000000000000000000e+19 0.000000000000000000e+00
5.984344931709414863e-04 1.000000000000000000e+19 0.000000000000000000e+00
5.985874632972930333e-04 1.000000000000000000e+19 0.000000000000000000e+00
5.987349043829330890e-04 1.000000000000000000e+19 0.000000000000000000e+00
5.988770162727065360e-04 1.000000000000000000e+19 0.000000000000000000e+00
5.990139915881509099e-04 1.000000000000000000e+19 0.000000000000000000e+00
5.991460159885792208e-04 1.000000000000000000e+19 0.000000000000000000e+00
5.992732684227269641e-04 1.000000000000000000e+19 0.000000000000000000e+00
5.993959213713031088e-04 1.000000000000000000e+19 0.000000000000000000e+00
5.995141410807741178e-04 1.000000000000000000e+19 0.000000000000000000e+00
5.996280877886979140e-04 1.000000000000000000e+19 0.000000000000000000e+00
5.997379159409136446e-04 1.000000000000000000e+19 0.000000000000000000e+00
5.998437744008806296e-04 1.000000000000000000e+19 0.000000000000000000e+00
5.999458066514512045e-04 1.000000000000000000e+19 0.000000000000000000e+00
6.000000000000000559e-04 1.000000000000000000e+19 0.000000000000000000e+00
